       [,1] [,2]
  [1,]    0  150 [100,]    0   10
  [2,]    0  150 [101,]    0   15
  [3,]  110  150 [102,]    0   20
 [14,]  130  150 [103,]    0   56
 [15,]  110  150 [104,]    0   98
 [16,]  130  150 [105,]  110  150
 [17,]    0    0 [114,]  136  100
 [50,]    0    0 [115,]  110  100
 [51,]    0    0 [116,]  136  100
 [52,]    0    0 [117,]  110  100
 [57,]    0    0 [118,]  136  100
 [58,]    0    0 [119,]  110  100
 [59,]    0    0 [120,]  136  100
 [60,]    0    0
 [61,]    0   70
 [75,]    0   50
 [76,]    0   50
 [87,]    0   50














